1 6
1 2
1 3
1 4
1 5
2 1
3 1
4 1
5 6
5 1
6 501
6 5
6 1
8 445
17 35
17 590
20 22
20 322
22 20
35 17
50 53
53 50
76 690
85 465
92 667
92 233
124 350
125 963
137 612
198 229
207 612
218 297
228 286
229 198
233 92
239 712
271 597
273 646
276 559
280 727
285 715
286 228
297 218
315 839
316 790
322 20
323 657
331 359
350 124
359 331
407 736
413 576
438 598
445 8
450 764
465 85
473 475
475 473
484 644
487 712
501 6
520 523
523 520
559 276
559 705
572 636
575 654
576 413
585 951
586 870
590 17
597 271
598 438
599 645
612 207
612 137
636 572
644 484
645 599
646 951
646 273
650 722
654 575
654 778
657 323
663 735
667 92
668 993
670 951
690 76
705 559
712 239
712 487
715 285
722 650
727 280
732 737
735 663
736 407
737 732
764 450
778 654
784 976
785 803
790 842
790 316
803 785
826 827
827 826
839 315
842 790
870 586
893 902
901 906
902 893
902 903
903 902
906 901
932 957
951 646
951 585
951 670
957 932
963 125
976 784
993 668